name = Santiago Bernabeo
phone_number = 998991112233
phone_number_2 = 998991112233
moljal = Nonvoy xona yonida
lotitude = 40.849122
longitude = 72.070335
narxi = 40000
viloyat = 1
